Sender: Micah JAS19001
n: 93954233
e: 1795
d:20042923
Message:[64982742, 93835908, 64982742, 25843935, 3320380, 78687305, 78687305, 88002135, 25843935, 22652932, 22218952, 2822452, 3320380]
Broken: SOS Need Main

Sender: Vu Dang
n: 102186307
e: 3
d: 68091867
Cipher: 343000, 1481544, 1367631, 1295029, 32768, 1030301, 912673, 970299, 1124864, 32768, 912673, 970299, 970299, 1367631, 1481544, 1000000, 1157625, 1331000, 1092727, 32768, 1560896, 1367631, 32768, 1560896, 1124864, 1030301, 1157625, 1481544, 32768, 912673, 941192, 1157625, 1259712, 1157625, 1560896, 1157625, 1030301, 1520875, 85184, 32768, 1560896, 1367631, 32768, 1030301, 912673, 970299, 1124864, 32768, 912673, 970299, 970299, 1367631, 1481544, 1000000, 1157625, 1331000, 1092727, 32768, 1560896, 1367631, 32768, 1560896, 1124864, 1030301, 1157625, 1481544, 32768, 1331000, 1030301, 1030301, 1000000, 1520875, 97336
Broken: From each according to their abilities, to each according to their needs.

Sender: Beth Stade
n =28794290241716387
e = 113
d = 23697955405914833
Cipher: [2579706886152660, 1506880588871094, 25824199538612172, 12324506914914625, 3910629358746840, 19942730250851363, 12407119628852595, 20436916271957116, 22358653510094960, 22358653510094960, 18133059900110149, 19942730250851363, 18350208408879280, 12324506914914625, 27102085920647667, 28009467377098228, 19348565858364802, 19942730250851363, 8479118201845191, 28009467377098228, 27102085920647667, 19348565858364802, 8302426957980714, 19270259444554612, 19942730250851363, 8302426957980714, 13211641791567831, 25824199538612172, 19942730250851363, 8097851867855643, 20436916271957116, 3910629358746840, 18133059900110149]
Broken: Every Fall, Orion points the way,

Sender: Brian S
n = 502560652319221
e = 5
d = 201024241752197
Cipher: [1350125107, 16850581551, 16105100000, 11592740743, 19254145824, 8587340257, 21003416576, 20113571875, 33554432, 16850581551, 16105100000, 33554432, 9509900499, 19254145824, 8587340257, 9509900499, 14025517307, 12762815625, 16105100000, 11592740743, 33554432, 21003416576, 12166529024, 10510100501, 33554432, 9509900499, 16850581551, 10000000000, 10510100501, 33554432, 23863536599, 12762815625, 21003416576, 12166529024, 33554432, 8587340257, 33554432, 2887174368, 33554432, 12762815625, 16105100000, 33554432, 21003416576, 12166529024, 10510100501, 33554432, 21003416576, 19254145824, 12762815625, 14693280768, 14693280768, 12762815625, 16850581551, 16105100000, 20113571875, 39135393, 39135393, 39135393, 39135393]
Broken: Congrats on cracking the code with a N in the trillions!!!!

Sender: Mariana Lenetis
n = 237527
e = 5
d = 189101
Cipher: [100000, 63125, 63125, 63125, 63125, 63125, 63125, 63125, 63125, 63125, 63125, 63125, 63125, 63125, 63125, 63125, 63125, 63125, 63125, 63125, 63125, 63125, 63125, 63125, 63125, 63125, 63125, 63125, 63125, 63125, 63125, 63125, 63125, 63125, 63125, 63125, 63125, 63125, 169168, 63125, 63125, 63125, 169168, 63125, 63125, 169168, 100000, 63125, 63125, 63125, 63125, 63125, 63125, 63125, 63125, 63125, 63125, 63125, 63125, 63125, 63125, 63125, 63125, 63125, 63125, 63125, 63125, 63125, 63125, 63125, 63125, 63125, 63125, 63125, 63125, 63125, 63125, 63125, 63125, 63125, 63125, 63125, 63125, 63125, 63125, 109165, 63125, 63125, 109165, 63125, 63125, 109165, 100000, 63125, 63125, 63125, 63125, 63125, 63125, 63125, 63125, 63125, 63125, 63125, 63125, 63125, 63125, 63125, 63125, 63125, 63125, 63125, 63125, 63125, 63125, 63125, 63125, 63125, 63125, 63125, 63125, 63125, 63125, 63125, 63125, 63125, 63125, 63125, 63125, 63125, 169168, 63125, 63125, 169168, 63125, 63125, 169168, 100000, 63125, 63125, 63125, 63125, 63125, 63125, 63125, 63125, 63125, 63125, 63125, 63125, 63125, 63125, 63125, 63125, 63125, 63125, 63125, 63125, 63125, 63125, 63125, 63125, 63125, 63125, 63125, 63125, 63125, 63125, 63125, 63125, 63125, 63125, 63125, 63125, 27067, 207173, 207173, 207173, 207173, 207173, 207173, 207173, 27067, 100000, 63125, 63125, 63125, 63125, 63125, 63125, 63125, 63125, 63125, 63125, 63125, 63125, 63125, 63125, 63125, 63125, 63125, 63125, 63125, 63125, 63125, 63125, 63125, 63125, 63125, 63125, 63125, 63125, 63125, 63125, 63125, 63125, 63125, 63125, 63125, 63125, 137647, 207173, 207173, 207173, 207173, 207173, 207173, 207173, 201466, 187816, 27067, 100000, 63125, 63125, 63125, 63125, 63125, 63125, 63125, 63125, 63125, 63125, 63125, 63125, 63125, 63125, 63125, 63125, 63125, 63125, 63125, 63125, 63125, 63125, 63125, 63125, 63125, 63125, 63125, 63125, 63125, 63125, 63125, 63125, 63125, 63125, 63125, 63125, 193230, 63125, 63125, 63125, 63125, 63125, 63125, 63125, 193230, 63125, 193230, 100000, 63125, 63125, 63125, 63125, 180166, 5805, 98075, 32000, 178644, 190597, 5805, 63125, 91601, 178644, 63125, 207204, 23042, 26626, 63125, 32000, 178644, 113300, 5805, 63125, 117983, 207204, 5805, 26626, 23011, 14861, 56819, 235508, 72486, 63125, 63125, 63125, 193230, 63125, 63125, 63125, 63125, 63125, 63125, 63125, 193230, 187816, 201466, 100000, 63125, 63125, 63125, 63125, 149017, 178644, 25676, 98075, 113300, 63125, 188782, 178644, 25676, 63125, 98075, 14861, 23011, 5805, 63125, 32000, 178644, 78018, 78018, 5805, 5805, 63125, 178644, 207204, 63125, 91601, 5805, 26626, 48737, 63125, 63125, 63125, 63125, 137647, 207173, 207173, 207173, 207173, 207173, 201466, 100000, 63125, 63125, 63125, 63125]
Broken:
                                     {   {  {
                                      }  }  }
                                     {  {  {
                                    .-------.
                                    `-------'=.
                                    |       | |
    Welcome to rsa code breaking,   |       |='
    would you like coffee or tea?    `-----'
    
Sender: Micah JASI9001
n = 20446247615609863829
e =  1799
d = 16434282400830991799
Cipher: [2473731800331795739, 19135296432134637504, 1628857420981554571, 9262660383849145121, 8678206114392935949, 11170665705184667358, 13202835859173069958, 685573783583287830, 1628857420981554571, 8678206114392935949, 12124728972883015450, 19135296432134637504, 1628857420981554571, 1213928387924858447, 13202835859173069958, 12124728972883015450, 1628857420981554571, 13202835859173069958, 9875352787896202724, 740330611401655856, 13877606109437286215, 1628857420981554571, 19135296432134637504, 13202835859173069958, 5119409851696119372, 1628857420981554571, 15313068150787623205, 15313068150787623205, 15313068150787623205, 16129213393326126019, 16129213393326126019, 16129213393326126019, 16129213393326126019]
Broken: Ground control to Major Tommm....